fH_data=[1   0.26069+2.25306e-010j; 
 2.5   0.26069+2.25306e-010j; 
 5   0.26069+2.25306e-010j;
 7.5   0.26069+2.25306e-010j; 
 10   0.26069+2.25306e-010j; 
 25   0.26069+2.25306e-010j; 
 50   0.26069+2.25306e-010j; 
 75   0.26069+2.25306e-010j; 
 100   0.26069+2.25306e-010j; 
 250   0.26069+2.25306e-010j; 
 500   0.26069+2.25306e-010j;
 750   0.26069+2.25306e-010j; 
 1000   0.26069+2.25306e-010j; 
 2500   0.26069+2.25306e-010j; 
 5000   0.26069+2.25306e-010j;
 7500   0.26069+2.25306e-010j; 
 10000   0.26069+2.25306e-010j; 
 25000   0.26069+2.25306e-010j; 
 50000   0.26069+2.25306e-010j;
 75000   0.26069+2.25306e-010j; 
 100000   0.26069+2.25306e-010j; 
 250000   0.26069+2.25306e-010j; 
 500000   0.26069+2.25306e-010j; 
 750000   0.26069+2.25306e-010j; 
 1e+006   0.26069+2.25306e-010j; 
 2.5e+006   0.26069+2.25306e-010j; 
 5e+006   0.26069+2.25306e-010j; 
 7.5e+006   0.260691+2.25306e-010j; 
 1e+007   0.260692+2.25306e-010j; 
 2.5e+007   0.260702+2.25306e-010j; 
 5e+007   0.260737+2.25304e-010j; 
 7.5e+007   0.260797+2.25302e-010j; 
 1e+008   0.26088+2.25299e-010j; 
 2.5e+008   0.261875+2.25263e-010j;
 5e+008   0.265384+2.25137e-010j; 
 7.5e+008   0.271077+2.24933e-010j; 
 1e+009   0.278739+2.24659e-010j; 
 2.5e+009   0.350191+2.22176e-010j; 
 5e+009   0.476651+2.18247e-010j; 
 7.5e+009   0.572396+2.15916e-010j; 
 1e+010   0.649736+2.14506e-010j;];