fH_data=[1 0.00517241+1.05542e-011j ;
    2.5 0.00517241+1.05542e-011j ;
    5 0.00517241+1.05542e-011j ;
    7.5 0.00517241+1.05542e-011j ;
    10 0.00517241+1.05542e-011j ;
    25 0.00517241+1.05542e-011j ;
    50 0.00517241+1.05542e-011j ;
    75 0.00517241+1.05542e-011j ;
    100 0.00517241+1.05542e-011j;
    250 0.00517241+1.05542e-011j ; 
    500 0.00517241+1.05542e-011j ;  
    750 0.00517241+1.05542e-011j ;
    1000 0.00517241+1.05542e-011j ;
    2500 0.00517241+1.05542e-011j ;
    5000 0.00517241+1.05542e-011j ; 
    7500 0.00517241+1.05542e-011j ;
    10000 0.00517241+1.05542e-011j ;
    25000 0.00517241+1.05542e-011j ;
    50000 0.00517241+1.05542e-011j ;
    75000 0.00517241+1.05542e-011j ;
    100000 0.00517241+1.05542e-011j ;
    250000 0.00517241+1.05542e-011j ;
    500000 0.00517241+1.05542e-011j ;
    750000 0.00517242+1.05542e-011j ;
    1e+006 0.00517242+1.05542e-011j ;
    2.5e+006 0.00517244+1.05542e-011j ;
    5e+006 0.00517253+1.05542e-011j ;
    7.5e+006 0.00517267+1.05542e-011j ;
    1e+007 0.00517286+1.05542e-011j ;
    2.5e+007 0.00517521+1.05538e-011j ;
    5e+007 0.0051836+1.05527e-011j ;
    7.5e+007 0.00519752+1.05509e-011j ;
    1e+008 0.00521691+1.05484e-011j ;
    2.5e+008 0.00544045+1.05191e-011j ;
    5e+008 0.00612368+1.04306e-011j ;
    7.5e+008 0.00698239+1.03224e-011j ;
    1e+009 0.0078372+1.02194e-011j ;
    2.5e+009 0.0114338+9.88631e-012j ;
    5e+009 0.0153343+9.71611e-012j ;
    7.5e+009 0.0184058+9.63791e-012j ;
    1e+010 0.0209563+9.59084e-012j ;
    
    
    
    
    
    
    
    
    
    
     
    ];
